1.85648742081816
1.84632724971993
1.83534919422341
1.83526252758211
1.83464550821204
1.83566166006755
1.83514614292266
1.82575679056655
1.82477385298913
1.82461326849694
1.82461955268645
1.81420193576739
1.81375215775491
1.81344049147358
1.80259800363065
1.80210690024615
1.80257950082621
1.80306831428341
1.80277762471960
1.84702599493292
1.84741731128364
1.83617742134789
1.82578074757762
1.82511364350784
1.82558150422038
1.81403112750839
1.81476919411589
1.81396938871035
1.80276566516782
1.80407704011735
1.85180255167045
1.83070384567394
1.81990410895013
1.80930796370285
1.80460990458052
1.79937706519722
1.78844323353705
1.78292304842527
1.77303371580183
1.77303775507894
1.76787211066621
1.76231507040931
1.76761729249384
1.76266835974315
1.75173048706641
1.74184960479600
1.73609135118471
1.79362401485736
1.78318902232733
1.76736420762790
1.75701778503531
1.74687061798379
1.74171725074571
1.73642250564782
1.72632172392358
1.71580653893301
1.71053335113519
1.70601449964852
1.70031102726426
1.69457986017979
1.68490290866093
1.67447415911597
1.67456924798791
1.66371637598141
1.65901386874825
1.65385405733350
1.64265378213013
1.63785784302237
1.63273504070991
1.62775289155336
1.62212548552116
1.61132566037658
1.60656313974884
1.60151422339176
1.59036923140033
1.58578899682422
1.58494307073741
1.59552638924959
1.57473017478010
1.56490199509379
1.55976594733704
1.55948156681842
1.55468935359061
1.54887410798904
1.53823659894256
1.52791425825103
1.52852526297564
1.52264732528438
1.51748599384899
1.60581889913066
1.56384914467444
1.54809152477678
1.53237556318686
1.52695282684897
1.51695730171363
1.51189759601427
1.50656389606811
1.50154535266714
1.49084440504002
1.48586838456120
1.48041367797611
1.47520958690316
1.48590359883040
1.49609182981367
1.48080059469290
1.46975432684668
1.45390122748459
1.45414620672357
1.45502375190668
1.44904216376124
1.43867093714806
1.43344543215698
1.43339589008381
1.42806487344776
1.42292031817412
1.41742903273131
1.41240922879445
1.41257879294019
1.40759837314699
1.43339204852215
1.43825501767929
1.41735471744855
1.40698166367764
1.40120377835876
1.39670082327263
1.39128478885273
1.38622876779783
1.38043667619741
1.37523641502562
1.37051280248950
1.37050855662704
1.36473551086815
1.37539201689576
1.38611151515354
1.36985000358389
1.36478279492608
1.35432204662600
1.35464170183790
1.35470392131924
1.34931499750346
1.34418919379706
1.33899137906958
1.33891452302070
1.33400667597617
1.32864443091749
1.32317089922762
1.31816915884452
1.31846644366403
1.31829304010270
1.32387242224427
1.36012167665548
1.33953068679474
1.32902865651207
1.32367412749990
1.31863389675329
1.31347513213243
1.31320206344422
1.30779599469444
1.30303291864059
1.30335735590382
1.30341004386556
1.29788708064957
1.29807350569189
1.29346361384424
1.28800339261912
1.28745252213794
1.30901536423074
1.32507932864294